"path": "C:\/Users\/brab\/Desktop\/redFootstool\/m.jpg",
    "poseId": "382502322",
    "intrinsicId": "3484472169",

            "poseId": "382502322",
            "pose": {
                "transform": {
                    "rotation": [
                        "0.99998716344830074",
                        "-0.0028221205726920592",
                        "-0.0042081556642446947",
                        "0.0027908050879879675",
                        "0.99996851009488064",
                        "-0.0074290124232838936",
                        "0.0042289887186166544",
                        "0.007417172918143017",
                        "0.99996354993585645"
                    ],
                    "center": [
                        "0.012067748590025565",
                        "-0.0068059954403798173",
                        "-0.010467159701220044"
                    ]

"path": "C:\/Users\/brab\/Desktop\/redFootstool\/l.jpg",
    "poseId": "1699906940",
    "intrinsicId": "3484472169",

            "poseId": "1699906940",
            "pose": {
                "transform": {
                    "rotation": [
                        "0.88885703247999037",
                        "0.39229448087793339",
                        "-0.23672392376685986",
                        "-0.39974680480282654",
                        "0.91645371442213075",
                        "0.017750531592335202",
                        "0.2239099548050425",
                        "0.078851947310084741",
                        "0.97141479427925714"
                    ],
                    "center": [
                        "0.80106467863888609",
                        "-0.11996854878777954",
                        "-0.0091171160389423855"
                    ]
                },

"path": "C:\/Users\/brab\/Desktop\/redFootstool\/j.jpg",
    "poseId": "1980355564",
    "resectionId": "21",

            "poseId": "1980355564",
            "pose": {
                "transform": {
                    "rotation": [
                        "-0.15582171467731171",
                        "0.88635784361611636",
                        "-0.4359923924740095",
                        "-0.88564495419384448",
                        "0.070102263711310786",
                        "0.45904105234012887",
                        "0.43743869095680771",
                        "0.45766302634442529",
                        "0.77407489687449282"
                    ],
                    "center": [
                        "1.3567943876231396",
                        "-1.567706274314965",
                        "0.59490061318273824"
                    ]
                },

"path": "C:\/Users\/brab\/Desktop\/redFootstool\/c.jpg",
    "poseId": "331139504",
    "intrinsicId": "3484472169",
    "resectionId": "10",

            "poseId": "331139504",
            "pose": {
                "transform": {
                    "rotation": [
                        "0.55179016647924173",
                        "-0.74144914716618349",
                        "0.38181248584003902",
                        "0.74233767765774394",
                        "0.64530651700376207",
                        "0.18031714128773441",
                        "-0.38008207601321864",
                        "0.18393656862900487",
                        "0.90647942845630491"
                    ],
                    "center": [
                        "-1.3935643329081679",
                        "-0.66734064840186891",
                        "0.50418276390659389"
                    ]

            


            




